011100000001000110111110110110100011111111000110
001011100101010100100100000001001011011100000100
111000111000111100011111101010110010100110011111
010110000111011101011000001110111111100101110111
101110010111100111001000100110101011100111011101
110010110011100100000111011011110010101011001000
000001010101110101011100011001101010010000101001
111101110101110100001001000111101000011000100011
101000111001011101101010011010001101110111101000
101011001000010000000101010100100101011101100001
101110001011001000001000110011110110011011010111
011000101111010010000101000010011011010000111110
100011010111101100011010001100000000011001001100
001100011010100110011010010000001110100101111011
001000010100010001111011000000000000000000101100
111111000010101010110100001010010010101111010011
000100101001101100110011010011000011110111100110
110110010110000001000111111010011001001111001110
101010111011101000111110101000100101011110111011
110011101111010111010101000010010110110011010100
110111100000110100001100110011010011001101011111
100101100000000101000011011010011010000101011000
110101011110010000110111011001000111011011101110
100111001000000011010101010010101000100001100010
100111101001100100001111111111010110000010111010
001010011100111000100101100000001010001111101101
101010101011110110011110101111100101001001101010
100010011011101101100100010011100011000110110110
101101010011010101001011111000011111010000101110
111110000000001011111001110010100111010100101000
001110100101001100001101101001101110001001111000
011010010101001000000110111001100010010100000000
001100100111000000100011100011111100001101000110
010000010000011111100010100110100111010011001110
111001001000101111110101100011100001111000100110
000001111011100100010011001100100010010000111011